Quation: x^2 - 3x + 2
Solution: 1.0009756097560973
f(1.0009756097560973) = -0.0009746579417009293
iterations = 10
